0 0
5 42
5 83
5 124
5 165
5 206
5 247
5 289
5 330
5 371
5 412
5 453
5 494
9 0
9 0
3 528
3 577
3 630
3 687
3 747
1 771
3 812
3 878
1 913
3 951
1 1024
3 1030
3 1115
1 1119
1 1203
3 1210
1 1279
3 1318
1 1350
1 1414
3 1453
1 1473
1 1528
1 1579
1 1626
1 1669
1 1710
1 1757
1 1808
1 1863
7 1886
1 1922
1 1986
7 2020
1 2057
7 2127
1 2132
1 2216
7 2222
7 2307
1 2311
7 2386
1 2422
7 2457
7 2525
1 2564
7 2589
7 2649
7 2706
7 2759
7 2809
7 2859
7 2912
7 2969
7 3029
5 3057
7 3094
7 3161
5 3198
7 3233
5 3308
7 3312
7 3397
5 3403
5 3487
7 3492
5 3562
7 3599
5 3633
5 3697
7 3734
5 3756
5 3810
5 3861
5 3908
9 0
9 0
5 3953
7 3971
7 4049
5 4060
7 4126
5 4173
7 4200
7 4272
5 4296
7 4343
7 4412
5 4432
7 4480
7 4545
5 4589
7 4608
7 4671
7 4731
5 4780
7 4792
7 4850
7 4906
7 4963
7 5017
7 5071
5 5110
7 5121
7 5173
7 5222
7 5270
7 5320
7 5370
1 5386
7 5423
7 5476
7 5531
7 5587
7 5644
7 5704
1 5708
7 5763
7 5824
7 5887
1 5898
7 5951
7 6018
1 6053
7 6085
7 6153
1 6189
7 6225
7 6297
1 6312
7 6373
1 6424
7 6449
7 6527
9 0
9 0
1 6533
1 6574
1 6616
3 6640
1 6659
1 6703
1 6748
1 6794
1 6841
1 6888
1 6936
1 6986
3 7017
1 7036
1 7088
1 7142
1 7195
3 7234
1 7249
1 7305
1 7361
3 7414
1 7419
1 7478
1 7537
3 7568
1 7597
1 7658
3 7711
1 7721
1 7785
3 7842
1 7853
1 7919
3 7965
1 7988
1 8057
3 8085
1 8128
3 8195
1 8199
1 8275
3 8304
1 8350
3 8407
1 8426
1 8505
3 8506
1 8586
3 8605
1 8669
3 8699
1 8756
3 8793
1 8843
3 8881
1 8933
3 8969
1 9025
3 9056
1 9121
3 9139
1 9219
3 9223
3 9303
1 9322
3 9382
1 9430
3 9460
3 9535
1 9540
3 9611
1 9656
3 9683
3 9757
1 9777
3 9828
3 9897
1 9906
3 9967
3 10035
1 10045
3 10103
3 10167
1 10198
3 10232
3 10297
3 10360
1 10366
3 10424
3 10485
3 10545
1 10558
3 10606
3 10663
3 10722
3 10779
1 10796
3 10835
3 10891
3 10946
3 11001
3 11053
3 11105
3 11158
3 11208
1 11215
3 11259
3 11308
3 11358
3 11406
3 11455
3 11506
5 11523
3 11556
3 11609
3 11661
3 11714
3 11769
3 11823
3 11880
5 11928
3 11936
3 11992
3 12051
3 12109
5 12165
3 12169
3 12230
3 12291
3 12354
5 12357
3 12417
3 12482
5 12524
3 12546
3 12611
5 12677
3 12679
3 12747
5 12816
3 12817
3 12886
5 12944
3 12957
3 13030
5 13065
3 13102
3 13179
5 13181
3 13253
5 13291
3 13331
5 13399
3 13410
3 13490
5 13501
3 13573
5 13600
3 13657
5 13695
3 13744
5 13788
3 13831
5 13878
3 13920
5 13964
3 14013
5 14051
3 14107
5 14134
3 14206
5 14215
5 14294
3 14305
5 14370
3 14408
5 14445
3 14516
5 14520
5 14592
3 14626
5 14663
5 14731
3 14744
5 14799
5 14866
3 14867
5 14933
5 14997
3 14998
5 15060
5 15122
3 15141
5 15182
5 15242
3 15294
5 15302
5 15359
5 15416
5 15471
3 15473
5 15525
5 15579
5 15632
5 15684
3 15687
5 15734
5 15784
5 15832
5 15879
5 15927
5 15973
5 16018
3 16033
5 16063
5 16105
5 16147
5 16188
5 16230
5 16271
5 16314
7 16355
5 16358
5 16403
5 16449
5 16496
5 16543
5 16591
5 16641
5 16691
7 16692
5 16743
5 16797
5 16850
5 16904
7 16905
5 16960
5 17016
5 17074
7 17083
5 17133
5 17192
7 17235
5 17252
5 17313
5 17376
7 17377
5 17440
7 17507
5 17508
5 17574
7 17630
5 17643
5 17712
7 17749
5 17783
5 17854
7 17859
5 17930
7 17967
5 18005
7 18070
5 18081
5 18160
7 18169
5 18241
7 18268
5 18324
7 18362
5 18411
7 18454
5 18498
7 18544
5 18588
7 18631
5 18680
7 18718
5 18776
7 18801
5 18874
7 18885
7 18965
5 18977
7 19043
5 19085
7 19121
5 19196
7 19197
7 19273
5 19312
7 19345
7 19418
5 19432
7 19489
7 19558
5 19561
7 19628
7 19695
5 19700
7 19763
7 19828
5 19853
7 19893
7 19958
7 20020
5 20021
7 20084
7 20145
7 20205
5 20213
7 20265
7 20323
7 20382
7 20439
5 20451
7 20495
7 20551
7 20605
7 20660
7 20712
7 20764
7 20817
7 20867
5 20870
7 20918
7 20967
9 0
9 0
7 21018
7 21067
7 21115
7 21164
7 21212
7 21261
7 21309
7 21357
7 21406
7 21454
7 21503
7 21551
7 21599
7 21648
7 21696
7 21745
7 21793
7 21841
7 21890
7 21938
7 21987
7 22035
7 22083
7 22132
7 22180
7 22229
7 22277
7 22325
7 22374
7 22422
7 22471
7 22519
7 22568
7 22616
7 22664
7 22713
7 22761
7 22810
7 22858
7 22906
7 22955
7 23003
7 23052
7 23100
7 23148
7 23197
7 23245
7 23294
7 23342
7 23390
7 23439
7 23487
7 23536
7 23584
7 23632
9 0
9 0
1 23638
1 23679
1 23720
1 23761
1 23802
1 23844
1 23885
1 23926
1 23967
1 24008
1 24049
1 24091
1 24132
1 24173
1 24214
1 24255
1 24296
1 24337
1 24379
1 24420
1 24461
1 24502
1 24543
1 24584
1 24626
1 24667
1 24708
1 24749
1 24790
1 24831
1 24873
1 24914
1 24955
1 24996
1 25037
1 25078
1 25120
1 25161
1 25202
1 25243
1 25284
1 25325
9 0
9 0
3 25337
3 25385
3 25433
3 25482
3 25530
3 25579
3 25627
3 25675
3 25724
3 25772
3 25821
3 25869
3 25917
3 25966
3 26014
3 26063
3 26111
3 26159
3 26208
3 26256
3 26305
3 26353
3 26401
3 26450
3 26498
3 26547
3 26595
3 26644
3 26692
3 26740
3 26789
3 26837
3 26886
3 26934
3 26982
3 27031
3 27079
3 27128
3 27176
3 27224
3 27273
3 27321
3 27370
3 27418
3 27466
3 27515
3 27563
3 27612
3 27660
3 27708
3 27757
3 27805
3 27854
3 27902
3 27951
9 0
0 0
5 27965
5 28006
5 28047
5 28088
5 28129
5 28170
5 28212
5 28253
5 28294
5 28335
5 28376
5 28417
5 28459
5 28500
5 28541
5 28582
5 28623
5 28664
5 28706
5 28747
5 28788
5 28829
5 28870
5 28911
5 28953
5 28994
5 29035
5 29076
5 29117
5 29158
5 29199
5 29241
5 29282
5 29323
5 29364
5 29405
5 29446
5 29488
5 29529
5 29570
5 29611
5 29652
5 29693
5 29735
5 29776
5 29817
5 29858
5 29899
5 29940
5 29982
5 30023
5 30064
5 30105
5 30146
5 30187
5 30229
5 30270
5 30311
5 30352
5 30393
5 30434
5 30476
5 30517
5 30558
5 30599
5 30640
5 30681
5 30723
5 30764
5 30805
5 30846
5 30887
5 30928
5 30969
5 31011
5 31052
5 31093
5 31134
5 31175
5 31216
5 31258
5 31299
5 31340
5 31381
5 31422
5 31463
5 31505
5 31546
5 31587
5 31628
5 31669
5 31710
5 31752
5 31793
5 31834
5 31875
5 31916
5 31957
5 31999
5 32040
5 32081
5 32122
5 32163
5 32204
5 32246
5 32287
5 32328
5 32369
5 32410
5 32451
5 32493
5 32534
5 32575
5 32616
5 32657
5 32698
9 0
0 0
5 32741
5 32783
5 32824
5 32865
5 32906
5 32947
5 32988
5 33030
5 33071
5 33112
5 33153
5 33194
5 33235
9 0
9 0
7 33264
7 33314
7 33367
7 33425
1 33474
7 33485
7 33550
7 33617
1 33625
7 33689
1 33740
7 33769
1 33837
7 33854
1 33923
7 33951
1 34001
7 34059
1 34073
1 34138
7 34197
1 34198
1 34253
1 34304
1 34352
1 34396
1 34437
1 34483
1 34533
1 34587
3 34610
1 34645
1 34708
3 34747
1 34779
1 34853
3 34855
1 34935
3 34951
1 35028
3 35036
3 35115
1 35136
3 35187
3 35254
1 35270
3 35319
3 35379
3 35437
3 35490
3 35541
3 35590
3 35643
3 35700
3 35759
5 35819
3 35824
3 35891
5 35952
3 35962
3 36041
5 36059
3 36125
5 36152
3 36220
5 36234
5 36308
3 36326
5 36378
5 36441
3 36458
5 36499
5 36553
5 36603
5 36649
9 0
9 0
3 36700
5 36704
3 36779
5 36812
3 36855
5 36927
3 36929
3 37001
5 37052
3 37073
3 37141
5 37191
3 37209
3 37275
3 37338
5 37351
3 37401
3 37461
3 37522
5 37553
3 37580
3 37637
3 37693
3 37747
3 37801
3 37852
3 37903
3 37953
3 38001
3 38051
3 38101
3 38154
3 38207
3 38261
3 38318
3 38375
1 38403
3 38434
3 38494
3 38554
1 38603
3 38617
3 38681
3 38747
1 38762
3 38814
3 38883
1 38901
3 38955
1 39026
3 39027
3 39103
1 39140
3 39178
1 39249
3 39257
9 0
9 0
1 39301
1 39343
1 39385
7 39421
1 39429
1 39474
1 39520
1 39568
1 39614
1 39662
1 39711
1 39762
7 39766
1 39813
1 39866
1 39920
1 39974
7 39980
1 40029
1 40086
1 40143
7 40159
1 40202
1 40261
7 40311
1 40321
1 40382
1 40444
7 40453
1 40508
1 40575
7 40584
1 40642
7 40707
1 40710
1 40779
7 40826
1 40850
1 40921
7 40936
1 40996
7 41044
1 41071
7 41147
1 41148
1 41225
7 41246
1 41306
7 41345
1 41389
7 41439
1 41475
7 41532
1 41561
7 41621
1 41651
7 41708
1 41743
7 41795
1 41838
7 41879
1 41936
7 41962
1 42040
7 42042
7 42121
1 42145
7 42199
1 42254
7 42273
7 42350
1 42369
7 42422
1 42490
7 42495
7 42566
1 42617
7 42635
7 42705
1 42754
7 42773
7 42841
1 42905
7 42906
7 42970
7 43035
1 43070
7 43098
7 43161
7 43222
1 43257
7 43283
7 43343
7 43401
7 43460
1 43484
7 43516
7 43572
7 43629
7 43683
7 43738
7 43790
1 43832
7 43842
7 43895
7 43945
7 43996
7 44045
7 44094
7 44143
7 44192
7 44243
7 44293
7 44346
5 44366
7 44398
7 44451
7 44506
7 44561
7 44617
7 44673
5 44708
7 44730
7 44789
7 44846
7 44907
5 44934
7 44967
7 45028
7 45092
5 45121
7 45155
7 45220
5 45284
7 45285
7 45349
7 45417
5 45435
7 45485
7 45555
5 45572
7 45624
7 45695
5 45699
7 45769
5 45819
7 45841
7 45917
5 45934
7 45992
5 46043
7 46070
5 46148
7 46149
7 46229
5 46252
7 46313
5 46350
7 46396
5 46445
7 46483
5 46537
7 46571
5 46627
7 46659
5 46713
7 46753
5 46799
7 46847
5 46882
7 46946
5 46963
5 47040
7 47045
5 47117
7 47148
5 47192
7 47257
5 47267
5 47338
7 47367
5 47409
5 47477
7 47486
5 47545
7 47609
5 47611
5 47678
7 47740
5 47742
5 47805
5 47867
7 47884
5 47926
5 47986
7 48039
5 48046
5 48103
5 48159
5 48214
7 48219
5 48269
5 48322
5 48375
5 48427
7 48436
5 48477
5 48526
5 48574
5 48622
5 48669
5 48715
5 48760
5 48804
7 48814
5 48846
5 48888
5 48929
5 48971
5 49012
3 49047
5 49055
5 49099
5 49145
5 49191
5 49238
5 49286
5 49334
5 49383
3 49411
5 49434
5 49486
5 49540
5 49593
3 49627
5 49648
5 49703
5 49760
3 49807
5 49818
5 49877
5 49937
3 49960
5 49997
5 50058
3 50103
5 50121
5 50186
3 50233
5 50253
5 50320
3 50357
5 50388
5 50458
3 50476
5 50529
3 50586
5 50601
5 50677
3 50695
5 50752
3 50798
5 50828
3 50897
5 50908
5 50989
3 50996
5 51072
3 51090
5 51160
3 51184
5 51247
3 51272
5 51337
3 51359
5 51430
3 51447
5 51526
3 51530
3 51614
5 51626
3 51694
5 51729
3 51773
5 51837
3 51850
3 51926
5 51949
3 52002
5 52065
3 52075
3 52147
5 52188
3 52218
3 52287
5 52318
3 52357
3 52425
5 52458
3 52493
3 52558
5 52614
3 52623
3 52688
3 52751
5 52785
3 52814
3 52875
3 52935
5 52984
3 52996
3 53053
3 53112
3 53169
3 53225
5 53235
3 53282
3 53336
3 53391
3 53443
3 53495
3 53548
3 53598
3 53649
3 53698
9 0
9 0
3 53750
3 53798
3 53846
3 53895
3 53943
3 53992
3 54040
3 54088
3 54137
3 54185
3 54234
3 54282
3 54330
3 54379
3 54427
3 54476
3 54524
3 54572
3 54621
3 54669
3 54718
3 54766
3 54814
3 54863
3 54911
3 54960
3 55008
3 55056
3 55105
3 55153
3 55202
3 55250
3 55299
3 55347
3 55395
3 55444
3 55492
3 55541
3 55589
3 55637
3 55686
3 55734
3 55783
3 55831
3 55879
3 55928
3 55976
3 56025
3 56073
3 56121
3 56170
3 56218
3 56267
3 56315
3 56363
3 56412
3 56460
3 56509
3 56557
3 56606
3 56654
3 56702
3 56751
3 56799
3 56848
3 56896
3 56944
3 56993
3 57041
3 57090
3 57138
3 57186
3 57235
3 57283
3 57332
9 0
9 0
1 57407
1 57448
1 57489
1 57530
1 57572
1 57613
1 57654
1 57695
1 57736
1 57777
1 57819
1 57860
1 57901
1 57942
1 57983
1 58024
1 58065
1 58107
1 58148
1 58189
1 58230
1 58271
1 58312
1 58354
1 58395
1 58436
1 58477
1 58518
1 58559
1 58601
1 58642
1 58683
1 58724
1 58765
1 58806
1 58848
1 58889
1 58930
1 58971
1 59012
1 59053
9 0
9 0
7 59107
7 59156
7 59204
7 59253
7 59301
7 59349
7 59398
7 59446
7 59495
7 59543
7 59591
7 59640
7 59688
7 59737
7 59785
7 59833
7 59882
7 59930
7 59979
7 60027
7 60076
7 60124
7 60172
7 60221
7 60269
7 60318
7 60366
7 60414
7 60463
7 60511
7 60560
7 60608
7 60656
7 60705
7 60753
7 60802
7 60850
7 60898
7 60947
7 60995
7 61044
7 61092
7 61140
7 61189
7 61237
7 61286
7 61334
7 61383
7 61431
7 61479
7 61528
7 61576
7 61625
7 61673
7 61721
7 61770
7 61818
7 61867
7 61915
7 61963
7 62012
7 62060
7 62109
7 62157
7 62205
7 62254
7 62302
7 62351
7 62399
7 62447
7 62496
7 62544
7 62593
7 62641
9 0
0 0
5 62707
5 62748
5 62789
5 62830
5 62871
5 62912
5 62954
5 62995
5 63036
5 63077
5 63118
5 63159
5 63201
5 63242
5 63283
5 63324
5 63365
5 63406
5 63448
5 63489
5 63530
5 63571
5 63612
5 63653
5 63695
5 63736
5 63777
5 63818
5 63859
5 63900
5 63941
5 63983
5 64024
5 64065
5 64106
5 64147
5 64188
5 64230
5 64271
5 64312
5 64353
5 64394
5 64435
5 64477
5 64518
5 64559
5 64600
5 64641
5 64682
5 64724
5 64765
5 64806
5 64847
5 64888
5 64929
5 64971
5 65012
5 65053
5 65094
5 65135
5 65176
5 65218
5 65259
5 65300
5 65341
5 65382
5 65423
5 65465
5 65506
5 65547
5 65588
5 65629
5 65670
5 65711
5 65753
5 65794
5 65835
5 65876
5 65917
5 65958
5 66000
5 66041
5 66082
5 66123
5 66164
5 66205
5 66247
5 66288
5 66329
5 66370
5 66411
5 66452
5 66494
5 66535
5 66576
5 66617
5 66658
5 66699
5 66741
5 66782
5 66823
5 66864
5 66905
5 66946
5 66988
5 67029
5 67070
5 67111
5 67152
5 67193
5 67235
5 67276
5 67317
5 67358
5 67399
5 67440
9 0
0 0
5 67511
3 67540
3 67612
5 67639
3 67685
3 67756
5 67763
3 67829
5 67887
3 67900
3 67970
5 68010
3 68043
3 68114
5 68134
3 68187
5 68258
3 68259
9 0
9 0
1 68268
1 68334
3 68391
1 68394
1 68451
1 68503
1 68551
1 68596
1 68637
1 68682
1 68731
1 68784
7 68831
1 68842
1 68904
7 68964
1 68974
1 69046
7 69070
1 69127
7 69165
1 69218
7 69250
1 69323
7 69329
7 69401
1 69451
7 69468
7 69533
7 69592
7 69649
1 69668
7 69702
9 0
9 0
7 69754
7 69803
7 69851
7 69900
7 69948
7 69997
7 70045
7 70093
7 70142
7 70190
7 70239
7 70287
7 70335
7 70384
7 70432
7 70481
7 70529
7 70577
7 70626
7 70674
7 70723
7 70771
7 70819
7 70868
7 70916
7 70965
7 71013
7 71061
7 71110
7 71158
7 71207
7 71255
7 71304
7 71352
7 71400
7 71449
7 71497
7 71546
7 71594
7 71642
7 71691
7 71739
7 71788
7 71836
7 71884
7 71933
7 71981
7 72030
7 72078
7 72126
7 72175
7 72223
7 72272
7 72320
7 72368
9 0
9 0
1 72409
1 72450
1 72491
1 72532
1 72573
1 72615
1 72656
1 72697
1 72738
1 72779
1 72820
1 72862
1 72903
1 72944
1 72985
1 73026
1 73067
1 73109
1 73150
1 73191
1 73232
1 73273
1 73314
1 73356
1 73397
1 73438
1 73479
1 73520
1 73561
1 73603
1 73644
1 73685
1 73726
1 73767
1 73808
1 73849
1 73891
1 73932
1 73973
1 74014
1 74055
9 0
9 0
3 74077
3 74125
3 74173
3 74222
3 74270
3 74319
3 74367
3 74415
3 74464
3 74512
3 74561
3 74609
3 74657
3 74706
3 74754
3 74803
3 74851
3 74899
3 74948
3 74996
3 75045
3 75093
3 75141
3 75190
3 75238
3 75287
3 75335
3 75384
3 75432
3 75480
3 75529
3 75577
3 75626
3 75674
3 75722
3 75771
3 75819
3 75868
3 75916
3 75964
3 76013
3 76061
3 76110
3 76158
3 76206
3 76255
3 76303
3 76352
3 76400
3 76448
3 76497
3 76545
3 76594
3 76642
3 76691
9 0
9 0
3 76741
3 76790
3 76841
3 76892
3 76944
3 76996
5 77042
3 77049
3 77104
3 77158
3 77215
3 77271
3 77328
5 77350
3 77387
3 77445
3 77506
3 77566
5 77568
3 77627
3 77690
5 77750
3 77753
3 77818
3 77883
5 77911
3 77949
3 78017
5 78061
3 78084
3 78154
5 78195
3 78223
3 78293
5 78321
3 78367
3 78440
5 78441
3 78516
5 78555
3 78592
5 78664
3 78671
3 78749
5 78768
3 78829
5 78871
3 78911
5 78968
3 78995
5 79062
3 79081
5 79153
3 79168
5 79242
3 79258
5 79329
3 79351
5 79415
3 79444
5 79497
3 79543
5 79577
3 79642
5 79654
5 79731
3 79745
5 79806
3 79854
5 79880
5 79952
3 79965
5 80022
3 80083
5 80090
5 80157
3 80205
5 80223
5 80290
3 80336
5 80354
5 80417
5 80478
3 80480
5 80538
5 80598
3 80634
5 80657
5 80714
5 80768
3 80811
5 80824
5 80878
5 80931
5 80984
3 81026
5 81035
5 81085
5 81135
5 81183
5 81231
5 81278
5 81324
5 81368
3 81383
5 81412
5 81455
5 81497
5 81538
5 81580
5 81622
5 81666
7 81679
5 81710
5 81755
5 81802
5 81850
5 81898
5 81947
5 81997
7 82026
5 82047
5 82098
5 82152
5 82205
7 82238
5 82260
5 82316
5 82373
7 82417
5 82431
5 82491
5 82551
7 82571
5 82612
5 82674
7 82714
5 82738
5 82803
7 82845
5 82870
5 82937
7 82968
9 0
9 0
7 83050
1 83074
7 83121
7 83193
1 83197
7 83264
1 83323
7 83334
7 83407
1 83447
7 83479
7 83552
1 83572
7 83624
7 83695
1 83696
7 83767
1 83819
7 83838
7 83911
1 83943
7 83982
7 84054
1 84071
7 84127
1 84195
7 84199
7 84272
1 84319
7 84342
7 84414
1 84442
7 84486
7 84557
1 84567
7 84630
1 84691
7 84702
7 84775
1 84819
7 84847
7 84917
1 84942
7 84989
7 85061
1 85066
7 85134
1 85190
7 85205
7 85277
1 85315
7 85350
7 85421
1 85438
7 85494
9 0
0 0
7 85567
1 85568
7 85639
1 85692
7 85712
7 85783
1 85817
7 85857
7 85928
1 85941
7 86000
1 86065
7 86072
7 86143
1 86189
7 86215
7 86287
1 86316
9 0
0 0
5 86369
5 86411
5 86452
5 86493
5 86534
5 86575
5 86616
5 86658
5 86699
5 86740
5 86781
5 86822
5 86863
5 86905
5 86946
5 86987
5 87028
5 87069
5 87110
5 87152
5 87193
5 87234
5 87275
5 87316
5 87357
5 87399
5 87440
5 87481
5 87522
5 87563
5 87604
5 87646
5 87687
5 87728
5 87769
5 87810
5 87851
5 87893
5 87934
5 87975
5 88016
5 88057
5 88098
5 88139
5 88181
5 88222
5 88263
5 88304
5 88345
5 88386
5 88428
5 88469
5 88510
5 88551
5 88592
5 88633
5 88675
5 88716
5 88757
5 88798
5 88839
5 88880
5 88922
5 88963
5 89004
5 89045
5 89086
5 89127
5 89169
5 89210
5 89251
5 89292
5 89333
5 89374
5 89416
5 89457
5 89498
5 89539
5 89580
5 89621
5 89662
5 89704
5 89745
5 89786
5 89827
5 89868
5 89909
5 89951
5 89992
5 90033
5 90074
5 90115
5 90156
5 90198
5 90239
5 90280
9 0
0 0
5 90323
5 90364
5 90405
5 90447
5 90488
5 90529
5 90570
5 90611
5 90652
5 90694
5 90735
5 90776
9 0
9 0
3 90858
3 90911
3 90968
3 91027
1 91063
3 91092
3 91159
1 91203
3 91230
3 91309
1 91313
3 91393
1 91409
3 91488
1 91493
1 91568
3 91595
1 91638
1 91701
3 91727
1 91760
1 91816
1 91866
1 91913
1 91955
1 91997
1 92044
1 92096
1 92151
7 92180
1 92210
1 92275
7 92312
1 92345
7 92417
1 92420
1 92507
7 92512
7 92596
1 92603
7 92675
1 92715
7 92745
7 92813
1 92861
7 92877
7 92936
7 92994
7 93046
9 0
9 0
7 93098
7 93148
7 93202
7 93259
7 93319
5 93329
7 93384
7 93451
5 93474
7 93524
5 93586
7 93604
5 93681
7 93689
5 93768
7 93786
5 93844
7 93895
5 93914
5 93978
7 94034
5 94038
5 94093
5 94145
5 94191
5 94234
5 94275
5 94322
5 94372
5 94428
3 94440
5 94487
5 94551
3 94578
5 94620
3 94685
5 94695
5 94779
3 94782
3 94867
5 94876
3 94947
5 94986
3 95018
3 95086
5 95127
3 95151
3 95211
3 95269
3 95322
3 95373
9 0
0 0
5 95385
5 95426
5 95467
5 95509
5 95550
5 95591
5 95632
5 95673
5 95714
5 95756
5 95797
5 95838
5 95879
5 95920
5 95961
5 96002
5 96044
5 96085
5 96126
5 96167
5 96208
5 96249
5 96291
5 96332
5 96373
5 96414
5 96455
5 96496
5 96538
5 96579
5 96620
5 96661
5 96702
5 96743
5 96785
5 96826
5 96867
5 96908
5 96949
5 96990
5 97032
5 97073
9 0
9 0
3 97125
3 97174
3 97225
1 97259
3 97275
3 97328
3 97380
3 97433
3 97488
3 97542
3 97599
1 97654
3 97655
3 97711
3 97770
3 97829
3 97888
1 97894
3 97948
3 98010
3 98073
1 98085
3 98136
3 98201
1 98251
3 98265
3 98331
3 98398
1 98400
3 98466
3 98536
1 98538
3 98604
1 98667
3 98675
3 98749
1 98792
3 98822
3 98898
1 98907
3 98974
1 99018
3 99053
1 99124
3 99131
3 99211
1 99226
3 99295
1 99325
3 99378
1 99422
3 99464
1 99514
3 99552
1 99604
3 99641
1 99691
3 99734
1 99775
3 99827
1 99858
3 99926
1 99941
1 100020
3 100026
1 100096
3 100128
1 100171
3 100237
1 100245
1 100317
3 100348
1 100390
1 100459
3 100467
1 100526
3 100589
1 100593
1 100659
3 100719
1 100723
1 100786
1 100849
3 100862
1 100910
1 100969
3 101016
1 101028
1 101085
1 101142
3 101194
1 101199
1 101253
1 101306
1 101359
3 101407
1 101410
1 101461
1 101511
1 101560
1 101608
1 101655
1 101700
1 101745
3 101746
1 101791
1 101834
1 101876
1 101917
1 101958
1 101999
1 102044
1 102088
7 102096
1 102133
1 102179
1 102226
1 102274
1 102323
1 102373
1 102424
7 102428
1 102475
1 102528
1 102581
1 102637
7 102639
1 102692
1 102749
1 102807
7 102817
1 102865
1 102925
7 102970
1 102986
1 103049
1 103112
7 103113
1 103177
1 103242
7 103243
1 103309
7 103366
1 103377
1 103448
7 103485
1 103519
1 103592
7 103595
1 103665
7 103704
1 103740
7 103807
1 103818
1 103899
7 103906
1 103980
7 104005
1 104063
7 104099
1 104148
7 104192
1 104236
7 104282
1 104326
7 104369
1 104420
7 104456
1 104516
7 104539
1 104615
7 104623
7 104703
1 104717
7 104781
1 104824
7 104860
1 104934
7 104935
7 105010
1 105052
7 105083
7 105157
1 105175
7 105227
7 105296
1 105304
7 105366
7 105434
1 105443
7 105502
7 105567
1 105594
7 105632
7 105697
7 105760
1 105762
7 105823
7 105884
7 105944
1 105961
7 106005
7 106063
7 106122
7 106179
1 106203
7 106235
7 106291
7 106346
7 106401
7 106453
7 106506
7 106558
7 106609
7 106659
1 106660
7 106709
9 0
9 0
7 106759
7 106808
7 106857
5 106867
7 106908
7 106959
7 107011
7 107064
7 107117
7 107172
7 107226
7 107283
5 107310
7 107339
7 107396
7 107455
7 107513
5 107550
7 107573
7 107633
7 107694
5 107748
7 107758
7 107821
7 107886
5 107915
7 107951
7 108017
5 108066
7 108084
7 108151
5 108205
7 108222
7 108291
5 108334
7 108362
7 108435
5 108456
7 108509
5 108575
7 108585
7 108661
5 108686
7 108740
5 108792
7 108819
5 108895
7 108899
7 108983
5 108994
7 109067
5 109089
7 109153
5 109183
7 109240
5 109273
7 109330
5 109361
7 109424
5 109445
7 109517
5 109528
5 109609
7 109616
5 109690
7 109716
5 109766
7 109819
5 109842
5 109916
7 109929
5 109988
7 110041
5 110059
5 110130
7 110161
5 110198
5 110264
7 110283
5 110330
5 110394
7 110415
5 110457
5 110521
7 110560
5 110581
5 110641
5 110700
7 110716
5 110757
5 110814
5 110869
7 110898
5 110925
5 110978
5 111031
5 111082
7 111119
5 111133
5 111183
5 111233
5 111280
5 111327
5 111373
5 111418
5 111462
5 111507
5 111549
5 111590
5 111631
5 111672
5 111715
5 111761
5 111806
5 111852
5 111898
5 111946
5 111995
5 112045
3 112067
5 112096
5 112147
5 112200
5 112253
3 112287
5 112308
5 112364
5 112421
3 112469
5 112478
5 112537
5 112596
3 112625
5 112657
5 112720
3 112769
5 112784
5 112848
3 112901
5 112913
5 112980
3 113024
5 113048
5 113117
3 113144
5 113190
3 113256
5 113262
5 113335
3 113364
5 113411
3 113468
5 113488
5 113567
3 113568
5 113650
3 113667
5 113733
3 113762
5 113818
3 113855
5 113905
3 113945
5 113995
3 114032
5 114087
3 114119
5 114185
3 114203
5 114284
3 114287
3 114367
5 114386
3 114446
5 114492
3 114525
3 114600
5 114602
3 114675
5 114717
3 114748
3 114822
5 114842
3 114893
3 114962
5 114970
3 115032
3 115100
5 115109
3 115168
3 115234
5 115259
3 115299
3 115364
5 115425
3 115427
3 115490
3 115551
3 115612
5 115616
3 115672
3 115731
3 115790
3 115847
5 115859
3 115903
3 115959
3 116014
3 116069
3 116122
3 116174
3 116227
5 116261
3 116277
3 116328
3 116377
3 116427
9 0
0 0
5 116468
5 116509
5 116550
5 116591
5 116633
5 116674
5 116715
5 116756
5 116797
5 116838
5 116880
5 116921
5 116962
5 117003
5 117044
5 117085
5 117126
5 117168
5 117209
5 117250
9 0
9 0
3 117329
3 117378
3 117429
3 117479
3 117532
5 117540
3 117584
3 117637
3 117692
3 117746
3 117803
3 117859
5 117891
3 117915
3 117974
3 118033
3 118092
5 118118
3 118152
3 118214
3 118277
5 118310
3 118340
3 118405
3 118469
5 118474
3 118535
3 118602
5 118621
3 118670
3 118740
5 118759
3 118808
3 118879
5 118886
3 118953
5 119007
3 119026
3 119102
5 119125
3 119178
5 119235
3 119257
3 119335
5 119341
3 119415
5 119442
3 119499
5 119541
3 119582
5 119635
3 119668
5 119729
3 119756
5 119818
3 119845
5 119905
3 119938
5 119989
3 120031
5 120072
3 120130
5 120152
3 120230
5 120233
5 120309
3 120332
5 120384
3 120441
5 120458
5 120530
3 120552
5 120601
3 120671
5 120672
5 120739
3 120793
5 120805
5 120870
3 120923
5 120935
5 120997
5 121061
3 121066
5 121121
5 121181
3 121220
5 121239
5 121296
5 121353
3 121398
5 121408
5 121463
5 121517
5 121569
3 121611
5 121620
5 121671
5 121720
5 121770
5 121818
5 121864
5 121910
3 121950
5 121955
5 121999
5 122043
5 122085
9 0
9 0
5 122128
5 122169
5 122210
5 122251
5 122293
5 122334
5 122375
5 122416
5 122457
5 122498
5 122540
5 122581
5 122622
5 122663
5 122704
5 122745
5 122787
5 122828
5 122869
5 122910
5 122951
5 122992
5 123034
5 123075
5 123116
5 123157
5 123198
5 123239
5 123280
5 123322
5 123363
5 123404
5 123445
5 123486
5 123527
5 123569
5 123610
5 123651
5 123692
5 123733
5 123774
5 123816
5 123857
5 123898
5 123939
5 123980
5 124021
5 124063
5 124104
5 124145
5 124186
5 124227
5 124268
5 124310
9 0
9 0
7 124356
7 124404
7 124452
7 124501
7 124549
7 124598
7 124646
7 124694
7 124743
7 124791
7 124840
7 124888
7 124936
7 124985
7 125033
7 125082
7 125130
7 125178
7 125227
7 125275
7 125324
7 125372
7 125420
7 125469
7 125517
7 125566
7 125614
7 125663
7 125711
7 125759
7 125808
7 125856
7 125905
7 125953
7 126001
7 126050
7 126098
7 126147
7 126195
7 126243
7 126292
7 126340
9 0
9 0
1 126389
1 126431
1 126472
1 126513
1 126554
1 126595
1 126636
1 126678
1 126719
1 126760
1 126801
1 126842
1 126883
1 126925
1 126966
1 127007
1 127048
1 127089
1 127130
1 127172
1 127213
1 127254
1 127295
1 127336
1 127377
1 127419
1 127460
1 127501
1 127542
1 127583
1 127624
1 127665
1 127707
1 127748
1 127789
1 127830
1 127871
1 127912
1 127954
1 127995
1 128036
1 128077
1 128118
1 128159
1 128201
1 128242
1 128283
1 128324
1 128365
1 128406
1 128448
1 128489
1 128530
1 128571
9 0
9 0
1 128615
1 128661
1 128712
1 128766
7 128804
1 128825
1 128887
7 128936
1 128956
1 129031
7 129042
1 129115
7 129136
1 129208
7 129221
7 129298
1 129315
7 129369
7 129437
1 129451
7 129501
7 129560
7 129617
7 129670
9 0
9 0
1 129722
1 129763
1 129805
1 129846
1 129887
1 129928
1 129969
1 130010
1 130051
1 130093
1 130134
1 130175
1 130216
1 130257
1 130298
1 130340
1 130381
1 130422
1 130463
1 130504
1 130545
1 130587
1 130628
1 130669
1 130710
1 130751
1 130792
1 130834
1 130875
1 130916
1 130957
1 130998
1 131039
1 131081
1 131122
1 131163
1 131204
1 131245
1 131286
1 131328
1 131369
1 131410
9 0
0 0
7 131423
7 131472
7 131520
7 131569
7 131617
7 131666
7 131714
7 131762
7 131811
7 131859
7 131908
7 131956
7 132004
9 0
9 0
5 132049
5 132090
5 132131
5 132173
5 132214
5 132255
5 132296
5 132337
5 132378
5 132420
5 132461
5 132502
5 132543
5 132584
5 132625
5 132667
5 132708
5 132749
5 132790
5 132831
5 132872
5 132914
5 132955
5 132996
5 133037
5 133078
5 133119
5 133161
5 133202
5 133243
5 133284
5 133325
5 133366
5 133408
5 133449
5 133490
5 133531
5 133572
5 133613
5 133654
5 133696
5 133737
5 133778
5 133819
5 133860
5 133901
5 133943
5 133984
5 134025
5 134066
5 134107
5 134148
5 134190
5 134231
9 0
9 0
5 134274
5 134317
5 134364
5 134415
5 134472
3 134477
5 134531
5 134596
3 134613
5 134666
3 134721
5 134742
3 134816
5 134828
3 134901
5 134927
3 134979
5 135040
3 135051
3 135119
3 135184
5 135191
3 135243
3 135300
3 135353
3 135404
9 0
9 0
5 135423
5 135464
5 135505
5 135547
5 135588
5 135629
5 135670
5 135711
5 135752
5 135794
5 135835
5 135876
5 135917
5 135958
5 135999
5 136040
5 136082
5 136123
5 136164
5 136205
5 136246
5 136287
5 136329
5 136370
5 136411
5 136452
5 136493
5 136534
5 136576
5 136617
5 136658
5 136699
5 136740
5 136781
5 136823
5 136864
5 136905
5 136946
5 136987
5 137028
5 137070
9 0
9 0
7 137111
7 137160
7 137209
7 137260
7 137311
7 137363
7 137415
7 137468
7 137523
7 137578
1 137628
7 137634
7 137690
7 137747
7 137806
7 137865
1 137884
7 137925
7 137985
7 138046
1 138080
7 138109
7 138172
7 138237
1 138250
7 138302
7 138368
1 138403
7 138435
7 138503
1 138542
7 138573
7 138642
1 138672
7 138713
7 138786
1 138798
7 138860
1 138915
7 138936
7 139012
1 139027
7 139091
1 139134
7 139170
1 139237
7 139250
7 139334
1 139336
7 139417
1 139434
7 139503
1 139526
7 139591
1 139616
7 139680
1 139704
7 139774
1 139789
7 139867
1 139872
1 139955
7 139966
1 140034
7 140066
1 140111
7 140169
1 140187
1 140261
7 140278
1 140333
7 140390
1 140406
1 140476
7 140510
1 140544
1 140610
7 140632
1 140676
1 140740
7 140763
1 140804
1 140867
7 140908
1 140928
1 140988
1 141047
7 141063
1 141104
1 141161
1 141218
7 141244
1 141272
1 141326
1 141379
1 141430
7 141463
1 141481
1 141532
1 141581
1 141629
1 141676
1 141722
1 141767
1 141812
1 141855
7 141857
1 141898
1 141939
9 0
9 0
1 141982
1 142023
1 142065
1 142106
1 142147
1 142188
1 142229
1 142270
1 142312
1 142353
1 142394
1 142435
1 142476
1 142517
1 142559
1 142600
1 142641
1 142682
1 142723
1 142764
1 142805
1 142847
1 142888
1 142929
1 142970
1 143011
1 143052
1 143094
1 143135
1 143176
1 143217
1 143258
1 143299
1 143341
1 143382
1 143423
1 143464
1 143505
1 143546
1 143588
1 143629
1 143670
1 143711
1 143752
1 143793
1 143835
1 143876
1 143917
1 143958
1 143999
1 144040
1 144082
1 144123
1 144164
9 0
9 0
3 144177
3 144225
3 144273
3 144322
3 144370
3 144419
3 144467
3 144515
3 144564
3 144612
3 144661
3 144709
3 144757
3 144806
3 144854
3 144903
3 144951
3 144999
3 145048
3 145096
3 145145
3 145193
3 145241
3 145290
3 145338
3 145387
3 145435
3 145484
3 145532
3 145580
3 145629
3 145677
3 145726
3 145774
3 145822
3 145871
3 145919
3 145968
3 146016
3 146064
3 146113
3 146161
9 0
0 0
1 146208
1 146249
1 146290
1 146332
1 146373
1 146414
1 146455
1 146496
1 146537
1 146578
1 146620
1 146661
1 146702
1 146743
1 146784
1 146825
1 146867
1 146908
1 146949
1 146990
9 0
0 0
9 0
